1	1	97.5361	101.445	85.8282
2	1	95.5159	94.6977	86.0666
3	1	102.323	99.0306	86.162
4	1	99.6842	100.184	86.3561
5	1	99.072	103.363	86.4553
6	1	96.6162	104.633	86.4671
7	1	101.618	101.872	86.5611
8	1	101.37	96.6156	86.5806
9	1	104.071	93.862	86.6603
10	1	100.383	93.9235	86.8846
11	1	97.1866	99.0462	87.0129
12	1	105.97	95.675	87.1124
13	1	102.267	92.0766	87.1802
14	1	93.4506	95.6541	87.2504
15	1	97.7111	94.6709	87.4455
16	1	97.6643	108.604	87.48
17	1	104.652	97.9741	87.495
18	1	95.8991	96.6859	87.6796
19	1	99.5186	98.0035	87.7237
20	1	103.904	101.368	87.8627
21	1	99.8216	107.13	87.9723
22	1	103.097	106.343	87.9988
23	1	106.284	100.005	88.0043
24	1	94.6895	103.551	88.0322
25	1	96.2301	101.379	88.0819
26	1	102.649	103.774	88.1342
27	1	98.6897	92.4033	88.3213
28	1	101.52	99.5204	88.4668
29	1	107.355	97.5182	88.47
30	1	97.2604	106.298	88.5367
31	1	97.5024	103.624	88.5905
32	1	100.197	104.669	88.5987
33	1	107.605	102.426	88.608
34	1	92.2028	91.8558	88.619
35	1	95.1077	98.9991	88.7008
36	1	99.8654	101.911	88.7142
37	1	102.395	94.1741	88.7261
38	1	99.8341	95.6134	88.7723
39	1	98.3007	110.586	88.8729
40	1	105.578	105.65	88.8986
41	1	102.457	96.9056	88.9083
42	1	95.2426	108.505	88.9465
43	1	91.7391	94.3562	88.9678
44	1	107.687	94.6186	88.9825
45	1	97.0303	88.9675	89.0069
46	1	94.4103	105.922	89.0294
47	1	102.676	90.25	89.0389
48	1	91.9807	104.977	89.0391
49	1	105.108	94.0173	89.0496
50	1	109.197	104.441	89.1491
51	1	92.2231	96.903	89.265
52	1	98.2627	99.9351	89.313
53	1	90.4507	98.7457	89.3148
54	1	109.791	96.0287	89.3492
55	1	94.558	95.1788	89.5467
56	1	96.6633	93.5545	89.6542
57	1	105.027	91.505	89.6636
58	1	104.012	99.3522	89.7147
59	1	105.091	96.6325	89.7375
60	1	104.38	107.652	89.909
61	1	102.858	110.91	89.9167
62	1	94.252	92.434	90.0272
63	1	107.509	92.2422	90.0802
64	1	92.3986	102.607	90.0927
65	1	102.416	101.65	90.1086
66	1	105.377	101.833	90.1181
67	1	100.217	93.3624	90.1383
68	1	94.5923	101.168	90.2096
69	1	90.0183	101.16	90.232
70	1	107.637	100.41	90.2552
71	1	104.128	104.112	90.3062
72	1	97.5279	108.565	90.3153
73	1	101.592	88.1728	90.3209
74	1	109.81	102.255	90.3358
75	1	98.9486	97.577	90.3572
76	1	102.126	106.092	90.3576
77	1	92.9765	109.642	90.3608
78	1	100.4	110.425	90.3779
79	1	95.0321	89.8104	90.3992
80	1	111.945	98.3162	90.4245
81	1	97.4513	91.0905	90.4309
82	1	100.047	107.824	90.4354
83	1	109.373	98.3328	90.4437
84	1	95.4303	103.718	90.5237
85	1	100.237	90.4672	90.5672
86	1	102.509	92.1562	90.7033
87	1	107.088	104.089	90.7726
88	1	94.1823	97.7691	90.7811
89	1	92.4218	90.4161	90.801
90	1	98.8017	105.503	90.8383
91	1	89.8862	94.8424	90.8604
92	1	106.849	106.916	90.9152
93	1	98.0292	102.8	90.9659
94	1	100.777	103.652	90.9692
95	1	92.1658	99.8071	90.9983
96	1	107.451	96.5254	91.0479
97	1	101.4	98.9947	91.0613
98	1	96.3205	106.205	91.0615
99	1	91.5928	92.9721	91.1586
100	1	95.5578	110.103	91.1609
101	1	111.6	95.8099	91.1664
102	1	98.2365	94.9646	91.1807
103	1	98.2918	88.5161	91.1895
104	1	101.058	96.0202	91.1968
105	1	97.9765	111.551	91.2335
106	1	94.1295	107.527	91.2691
107	1	103.644	94.5977	91.2971
108	1	88.2762	99.7201	91.3617
109	1	93.0172	105.009	91.37
110	1	91.3894	107.521	91.391
111	1	96.8278	100.173	91.4066
112	1	102.463	108.777	91.428
113	1	109.225	94.024	91.4317
114	1	99.9365	101.092	91.4922
115	1	92.8532	95.3308	91.5151
116	1	106.356	94.0773	91.5338
117	1	105.929	98.7749	91.6103
118	1	103.445	97.3899	91.6784
119	1	112.08	103.494	91.6858
120	1	98.9215	86.0291	91.7374
121	1	89.9491	91.0203	91.7415
122	1	109.814	104.786	91.788
123	1	103.256	89.6007	91.7907
124	1	90.0817	97.9348	91.797
125	1	95.8855	87.6728	91.8258
126	1	96.6446	97.2784	91.874
127	1	93.6485	111.788	91.8977
128	1	110.79	100.292	91.9863
129	1	95.5367	94.6855	92.0831
130	1	101.541	86.2754	92.1408
131	1	109.287	107.395	92.1795
132	1	98.913	92.3005	92.2345
133	1	104.704	91.9939	92.2507
134	1	103.801	101.967	92.3439
135	1	90.3759	105.19	92.3636
136	1	95.3508	91.7525	92.3682
137	1	102.839	111.404	92.4112
138	1	94.415	99.9005	92.4928
139	1	104.684	107.308	92.501
140	1	90.7631	102.335	92.5083
141	1	98.9207	98.8863	92.5689
142	1	93.6428	102.672	92.5927
143	1	108.382	99.6168	92.6512
144	1	102.725	104.306	92.6875
145	1	101.267	93.7433	92.6954
146	1	109.732	96.5578	92.706
147	1	100.637	106.055	92.7065
148	1	106.377	101.496	92.7293
149	1	105.938	89.5032	92.7385
150	1	100.155	111.361	92.7737
151	1	104.049	87.3013	92.7746
152	1	111.679	106.366	92.7753
153	1	105.378	104.278	92.7765
154	1	107.484	91.9547	92.7995
155	1	108.866	102.403	92.8138
156	1	100.651	88.6323	92.8265
157	1	92.6098	97.5253	92.8931
158	1	94.0556	89.3478	92.897
159	1	105.451	96.1273	92.9718
160	1	112.202	97.936	93.0108
161	1	110.084	91.7564	93.0453
162	1	96.2227	103.433	93.0505
163	1	90.4678	109.268	93.0557
164	1	101.413	91.1232	93.0569
165	1	97.8412	109.739	93.0702
166	1	92.9983	109.539	93.0826
167	1	107.609	105.667	93.1098
168	1	86.3776	99.4567	93.1135
169	1	89.0462	95.706	93.126
170	1	112.678	101.498	93.139
171	1	97.3581	90.1087	93.1705
172	1	88.4513	103.528	93.1794
173	1	100.318	108.642	93.1802
174	1	96.0049	111.843	93.2045
175	1	103.022	99.6534	93.2056
176	1	111.248	94.1368	93.2826
177	1	93.1214	93.2737	93.3021
178	1	97.9177	106.939	93.3433
179	1	105.287	110.675	93.3469
180	1	95.118	105.752	93.3619
181	1	96.768	85.6631	93.3694
182	1	98.0513	101.508	93.4195
183	1	91.9329	90.9043	93.4262
184	1	95.4696	108.545	93.4474
185	1	108.589	89.5698	93.4501
186	1	99.4144	95.5064	93.4543
187	1	90.8549	99.7254	93.4602
188	1	100.819	102.654	93.4936
189	1	98.6515	104.351	93.5086
190	1	101.137	97.6958	93.5147
191	1	92.7339	106.851	93.5634
192	1	88.5239	100.924	93.7046
193	1	98.5575	87.4723	93.8181
194	1	107.501	97.4915	93.8328
195	1	114.125	99.5199	93.869
196	1	88.1245	105.96	93.9059
197	1	107.915	94.7542	93.9337
198	1	103.273	94.9439	93.9419
199	1	113.213	104.695	93.9488
200	1	95.1184	97.8918	94.004
201	1	103.106	109.338	94.0102
202	1	103.076	85.2982	94.0614
203	1	110.948	103.543	94.1581
204	1	103.063	113.246	94.1909
205	1	102.871	106.525	94.193
206	1	89.4727	91.5147	94.2255
207	1	91.9705	104.124	94.2321
208	1	88.4447	98.1201	94.2456
209	1	105.626	99.4247	94.2579
210	1	96.8453	95.8047	94.2742
211	1	105.571	93.4563	94.3953
212	1	97.2001	99.3422	94.4523
213	1	95.3767	101.359	94.4558
214	1	98.3429	93.3231	94.5017
215	1	95.7886	87.9496	94.5073
216	1	102.821	88.9193	94.5125
217	1	93.9256	95.5993	94.5234
218	1	93.4088	111.685	94.5239
219	1	110.021	98.6217	94.5244
220	1	114.446	97.0109	94.5376
221	1	95.6427	93.4015	94.5778
222	1	91.0924	94.7953	94.5993
223	1	103.689	97.4866	94.6057
224	1	102.962	92.4624	94.6377
225	1	98.2739	112.176	94.7189
226	1	110.285	107.162	94.7535
227	1	93.125	99.7529	94.8265
228	1	100.183	100.201	94.8422
229	1	90.4946	106.313	94.8529
230	1	105.084	90.7052	94.8623
231	1	88.8964	108.35	94.8771
232	1	101.022	86.7426	94.8781
233	1	105.579	105.848	94.9551
234	1	113.075	94.7969	94.9874
235	1	103.862	101.521	95.0267
236	1	105.332	88.0003	95.0285
237	1	94.189	91.0737	95.0451
238	1	86.8775	95.8329	95.0579
239	1	111.017	101.014	95.0852
240	1	108.468	104.262	95.0937
241	1	98.9314	97.5512	95.1018
242	1	106.161	103.014	95.1103
243	1	108.104	100.795	95.1605
244	1	106.816	109.594	95.1796
245	1	110.435	95.712	95.2053
246	1	88.6154	93.7197	95.2328
247	1	111.851	92.3057	95.2436
248	1	100.572	105.024	95.2447
249	1	109.299	93.0258	95.2459
250	1	100.699	110.588	95.2522
251	1	91.3628	101.702	95.2792
252	1	100.764	113.23	95.2947
253	1	94.4167	103.685	95.3126
254	1	85.739	98.2018	95.3253
255	1	103.458	104.267	95.3308
256	1	98.6269	85.2775	95.3674
257	1	100.89	94.3514	95.4009
258	1	107.662	90.9699	95.403
259	1	100.465	90.0431	95.4185
260	1	95.4818	110.36	95.4508
261	1	107.823	107.115	95.511
262	1	86.3039	100.75	95.5197
263	1	93.3843	88.6278	95.5419
264	1	95.8857	106.91	95.5644
265	1	104.207	111.387	95.5691
266	1	91.0088	109.861	95.6164
267	1	95.5982	112.947	95.6418
268	1	93.5082	108.596	95.647
269	1	101.231	107.823	95.6474
270	1	89.0346	102.748	95.6582
271	1	105.932	95.8928	95.6625
272	1	96.9698	91.3973	95.6855
273	1	96.9003	104.379	95.6887
274	1	98.9227	102.578	95.712
275	1	97.9387	89.0379	95.7543
276	1	112.32	97.4512	95.7555
277	1	109.561	88.9206	95.7625
278	1	90.8356	98.3103	95.7728
279	1	98.0325	109.772	95.7912
280	1	104.665	108.244	95.8084
281	1	98.7287	107.189	95.9292
282	1	102.446	99.4782	96.0087
283	1	101.52	102.499	96.0121
284	1	91.366	91.1756	96.0339
285	1	89.1887	96.2567	96.0823
286	1	93.1268	105.975	96.0944
287	1	92.9833	93.4778	96.1021
288	1	96.1739	85.845	96.1294
289	1	87.3165	104.761	96.1329
290	1	113.203	100.12	96.1869
291	1	101.205	96.9051	96.2273
292	1	112.799	103.02	96.2335
293	1	93.4045	97.5859	96.2659
294	1	107.213	98.1522	96.36
295	1	103.319	86.474	96.3744
296	1	88.5215	99.8474	96.4871
297	1	110.858	105.177	96.5047
298	1	113.471	105.564	96.5167
299	1	103.433	95.3265	96.5189
300	1	95.4823	99.3934	96.5204
301	1	108.973	110.294	96.5624
302	1	98.3012	94.7947	96.6308
303	1	103.101	90.6491	96.6403
304	1	96.6738	101.791	96.6635
305	1	111.045	108.732	96.6694
306	1	96.8611	97.0767	96.6738
307	1	105.739	100.481	96.6925
308	1	111.797	90.1737	96.7101
309	1	109.791	102.693	96.7693
310	1	99.568	92.2154	96.78
311	1	107.296	88.1024	96.8254
312	1	108.41	95.4809	96.8691
313	1	102.998	113.369	96.8785
314	1	98.4079	99.5536	96.879
315	1	95.4802	89.3399	96.9769
316	1	106.629	111.566	96.9788
317	1	95.3886	94.739	97.0038
318	1	109.809	97.9651	97.012
319	1	100.916	85.0871	97.0275
320	1	92.2376	103.426	97.0471
321	1	91.6192	95.8474	97.0694
322	1	105.528	93.6559	97.0801
323	1	99.2516	87.1398	97.0845
324	1	89.9314	105.093	97.1047
325	1	104.526	98.0139	97.1127
326	1	103.085	106.476	97.117
327	1	91.2223	107.583	97.1428
328	1	90.4481	93.3509	97.1477
329	1	88.3286	107.259	97.1831
330	1	93.3717	100.838	97.2379
331	1	101.684	88.4319	97.2488
332	1	97.5348	113.259	97.3258
333	1	109.481	90.9981	97.3263
334	1	85.745	106.367	97.3304
335	1	102.281	93.0954	97.3411
336	1	87.2038	97.5515	97.3667
337	1	104.573	103.099	97.3886
338	1	110.78	93.6102	97.4271
339	1	114.654	97.1053	97.4337
340	1	112.843	95.2858	97.4722
341	1	94.7566	91.9987	97.4879
342	1	99.9415	112.209	97.4984
343	1	105.772	106.566	97.5473
344	1	100.06	109.258	97.5619
345	1	104.627	88.5538	97.5627
346	1	105.927	90.9559	97.5683
347	1	108.361	105.671	97.5724
348	1	102.227	110.981	97.5789
349	1	107.362	102.361	97.6267
350	1	90.9232	100.166	97.6574
351	1	86.9213	94.9101	97.6625
352	1	99.7055	104.051	97.6994
353	1	88.0179	92.4459	97.7096
354	1	87.3894	102.373	97.7263
355	1	110.906	100.385	97.7318
356	1	95.1515	105.336	97.7345
357	1	96.7748	108.209	97.7742
358	1	97.7519	105.728	97.8107
359	1	104.698	109.955	97.8224
360	1	85.0271	100.787	97.8259
361	1	84.7228	98.1785	97.8576
362	1	92.4332	110.17	97.8941
363	1	107.266	108.803	97.9005
364	1	85.1885	103.674	97.9042
365	1	107.909	92.9712	97.9105
366	1	92.8037	90.0401	97.9282
367	1	99.1162	89.7494	97.9726
368	1	108.325	99.9925	98.0233
369	1	95.1599	110.375	98.0302
370	1	102.59	101.324	98.0516
371	1	100.963	98.8999	98.0918
372	1	99.8403	101.412	98.1546
373	1	114.226	101.487	98.1657
374	1	112.482	98.3313	98.1863
375	1	89.8094	109.485	98.2095
376	1	94.759	102.825	98.2101
377	1	98.9885	97.109	98.2227
378	1	100.669	94.9534	98.2228
379	1	100.468	106.538	98.2652
380	1	97.2585	92.0331	98.285
381	1	102.268	104.262	98.2948
382	1	94.0492	107.737	98.2959
383	1	96.8845	87.2373	98.3225
384	1	112.026	106.835	98.3246
385	1	90.0318	90.3786	98.325
386	1	89.9069	102.697	98.3342
387	1	94.8968	97.2843	98.3448
388	1	97.8926	110.712	98.3455
389	1	95.0252	112.959	98.347
390	1	106.295	96.1483	98.4316
391	1	95.0004	85.5848	98.6046
392	1	102.611	96.7235	98.6068
393	1	114.072	104.083	98.6165
394	1	89.3175	95.3016	98.6211
395	1	109.584	107.813	98.635
396	1	104.897	112.622	98.6865
397	1	110.675	96.1727	98.6976
398	1	85.5232	92.9757	98.7158
399	1	89.4403	98.1246	98.7447
400	1	102.38	108.467	98.7796
401	1	92.4256	105.434	98.7805
402	1	101.291	90.9764	98.8054
403	1	92.4936	92.7716	98.8169
404	1	111.923	102.595	98.8194
405	1	107.883	89.642	98.8461
406	1	92.1339	97.8614	98.859
407	1	87.3468	105.114	98.9115
408	1	106.381	104.312	98.9427
409	1	98.901	85.2726	98.9718
410	1	93.3985	95.3029	99.0136
411	1	97.3792	94.8376	99.0703
412	1	87.4048	100.003	99.0807
413	1	109.88	104.205	99.0859
414	1	111.072	109.883	99.0964
415	1	106.186	98.8557	99.0972
416	1	108.514	111.082	99.1061
417	1	103.921	86.4219	99.1316
418	1	97.2813	101.872	99.1398
419	1	95.9582	99.5018	99.1529
420	1	103.912	91.7586	99.1575
421	1	101.297	86.6566	99.1825
422	1	105.104	101.261	99.1831
423	1	111.4	91.397	99.1869
424	1	97.5461	115.121	99.209
425	1	104.171	94.5119	99.2248
426	1	94.3422	88.1228	99.2479
427	1	91.6257	88.1859	99.3641
428	1	106.343	87.5117	99.3738
429	1	103.413	99.1521	99.393
430	1	102.224	112.98	99.4616
431	1	96.7742	89.6153	99.5142
432	1	92.6908	112.259	99.524
433	1	92.1562	102.127	99.5376
434	1	108.576	97.6885	99.5858
435	1	99.3411	93.0321	99.605
436	1	98.8946	108.312	99.6921
437	1	98.5079	99.3878	99.6984
438	1	105.081	108.011	99.7178
439	1	108.277	94.8504	99.7274
440	1	95.1782	93.5311	99.7477
441	1	93.4681	99.8886	99.754
442	1	88.6536	107.585	99.7661
443	1	103.037	88.9818	99.7668
444	1	114.151	95.6554	99.8204
445	1	85.5685	95.5304	99.8301
446	1	89.8803	92.5842	99.8405
447	1	91.4258	107.657	99.8425
448	1	89.8522	105.114	99.8597
449	1	98.9437	87.6917	99.9363
450	1	94.5799	90.8897	99.962
451	1	109.652	101.419	99.9733
452	1	103.383	106.176	100.019
453	1	112.646	100.229	100.031
454	1	107.27	106.688	100.035
455	1	106.323	92.9985	100.101
456	1	87.21	97.4617	100.11
457	1	97.4761	112.76	100.118
458	1	114.635	98.2857	100.119
459	1	99.8608	111.857	100.146
460	1	89.8358	100.575	100.155
461	1	96.154	104.503	100.159
462	2	99.0747	103.353	100.165
463	2	110.907	94.0759	100.171
464	2	104.221	103.66	100.183
465	2	93.6873	109.548	100.199
466	2	85.1311	99.1901	100.203
467	2	96.0352	107.378	100.219
468	2	106.092	110.419	100.225
469	2	85.7452	101.855	100.232
470	2	112.152	105.074	100.253
471	2	87.4721	93.741	100.29
472	2	101.547	102.616	100.295
473	2	108.908	91.6025	100.315
474	2	98.4335	105.844	100.322
475	2	105.592	90.0425	100.324
476	2	101.927	93.3243	100.344
477	2	91.3018	94.8583	100.42
478	2	101.048	100.044	100.49
479	2	91.148	110.29	100.517
480	2	99.5735	95.8149	100.519
481	2	106.862	112.857	100.533
482	2	88.1212	103.018	100.538
483	2	107.143	101.962	100.542
484	2	104.786	97.0797	100.555
485	2	113.235	93.1663	100.56
486	2	95.46	114.637	100.59
487	2	95.5998	96.2394	100.592
488	2	93.6619	103.949	100.594
489	2	96.8152	85.5606	100.615
490	2	99.2719	90.3491	100.625
491	2	112.178	97.4302	100.628
492	2	91.7024	90.6919	100.702
493	2	89.649	89.1319	100.741
494	2	96.989	110.054	100.76
495	2	95.2719	101.694	100.771
496	2	100.97	105.303	100.783
497	2	94.9888	111.924	100.871
498	2	109.838	106.526	100.881
499	2	103.378	109.671	100.909
500	2	97.0829	92.0888	100.98
501	2	108.279	109.033	100.996
502	2	108.134	104.326	101.06
503	2	102.276	95.877	101.077
504	2	98.8828	116.153	101.125
505	2	104.057	112.265	101.174
506	2	88.9368	95.8355	101.231
507	2	90.4928	97.9707	101.244
508	2	111.257	89.4373	101.247
509	2	86.2775	104.944	101.256
510	2	103.496	101.238	101.273
511	2	101.326	107.909	101.275
512	2	111.709	108.253	101.298
513	2	110.137	99.1363	101.306
514	2	114.051	103.462	101.316
515	2	110.233	110.633	101.338
516	2	100.463	114.058	101.388
517	2	88.2813	91.226	101.39
518	2	107.768	86.673	101.437
519	2	105.179	86.0856	101.474
520	2	100.953	88.3365	101.491
521	2	107.215	99.1912	101.539
522	2	102.49	86.0721	101.542
523	2	92.9237	92.8685	101.552
524	2	95.0885	98.6185	101.561
525	2	101.927	90.8124	101.565
526	2	93.7131	107.231	101.593
527	2	107.79	89.2959	101.603
528	2	109.982	96.328	101.624
529	2	91.7469	105.503	101.64
530	2	111.818	102.216	101.649
531	2	90.6271	102.967	101.67
532	2	107.332	96.3532	101.688
533	2	97.6801	97.7593	101.721
534	2	93.5335	89.0918	101.733
535	2	99.3796	109.85	101.746
536	2	93.286	96.0145	101.757
537	2	97.1437	87.8378	101.831
538	2	105.579	105.408	101.84
539	2	93.2016	113.613	101.847
540	2	104.27	92.1402	101.854
541	2	97.4896	94.8247	101.858
542	2	88.4593	109.146	101.897
543	2	104.86	94.817	101.918
544	2	91.5334	87.5154	101.944
545	2	87.7474	100.6	101.946
546	2	111.347	91.8806	101.949
547	2	114.371	100.398	101.973
548	2	102.82	98.4877	101.974
549	2	92.8674	101.346	102.037
550	2	97.3145	103.059	102.095
551	2	88.5799	106.325	102.1
552	2	109.194	93.5323	102.12
553	2	115.155	95.8426	102.165
554	2	112.618	95.2804	102.186
555	2	99.8251	92.4419	102.291
556	2	97.7853	107.57	102.307
557	2	101.233	116.29	102.313
558	2	106.933	91.7464	102.331
559	2	97.7213	114.099	102.349
560	2	99.2839	99.9189	102.351
561	2	109.312	102.31	102.424
562	2	86.3973	98.2064	102.431
563	2	90.7455	108.073	102.437
564	2	104.974	108	102.45
565	2	95.2953	109.107	102.453
566	2	95.0466	94.16	102.465
567	2	86.716	95.5256	102.484
568	2	90.2842	93.6272	102.486
569	2	92.9981	110.887	102.51
570	2	104.059	89.3157	102.519
571	2	95.1201	91.1859	102.527
572	2	100.365	97.442	102.553
573	2	105.211	102.798	102.56
574	2	110.544	104.561	102.58
575	2	92.7305	98.5313	102.599
576	2	95.7671	105.829	102.611
577	2	96.7517	100.397	102.613
578	2	102.978	105.884	102.633
579	2	105.545	113.813	102.654
580	2	85.4421	102.728	102.659
581	2	99.9355	102.533	102.696
582	2	90.602	100.231	102.71
583	2	113.644	97.8678	102.731
584	2	98.6536	85.4793	102.773
585	2	112.93	105.778	102.792
586	2	107.586	107.1	102.817
587	2	106.508	111.342	102.865
588	2	109.652	87.9742	102.866
589	2	97.8573	90.2749	102.889
590	2	102.494	103.271	102.925
591	2	99.2292	105.151	102.939
592	2	90.162	110.821	102.949
593	2	102.116	112.647	102.951
594	2	99.4692	112.121	102.968
595	2	103.233	114.917	102.973
596	2	94.6907	103.162	102.994
597	2	87.7317	93.1673	103.008
598	2	102.239	93.8752	103.01
599	2	104.852	99.9741	103.071
600	2	96.6604	111.629	103.078
601	2	93.4931	86.1863	103.113
602	2	111.949	99.995	103.135
603	2	99.7838	94.9632	103.141
604	2	87.6969	103.979	103.165
605	2	95.2123	114.573	103.194
606	2	105.515	97.4113	103.219
607	2	104.018	110.591	103.276
608	2	106.139	87.7547	103.296
609	2	101.803	100.586	103.3
610	2	107.188	101.262	103.303
611	2	103.858	84.7663	103.322
612	2	107.01	94.1796	103.365
613	2	96.1787	85.7052	103.442
614	2	90.2565	96.2591	103.505
615	2	92.4549	90.9358	103.508
616	2	88.77	98.507	103.537
617	2	110.379	107.04	103.569
618	2	95.1256	88.1439	103.58
619	2	99.1631	87.8712	103.616
620	2	110.719	109.559	103.619
621	2	114.859	103.785	103.65
622	2	89.7361	91.3645	103.663
623	2	111.929	88.8034	103.67
624	2	102.623	108.282	103.677
625	2	107.762	104.496	103.681
626	2	102.903	96.435	103.685
627	2	90.1481	104.86	103.699
628	2	93.3373	105.322	103.706
629	2	108.124	109.502	103.722
630	2	102.153	87.699	103.756
631	2	97.3154	92.9018	103.763
632	2	91.7201	112.733	103.781
633	2	100.471	90.1349	103.805
634	2	99.9736	108.455	103.807
635	2	101.284	85.2001	103.848
636	2	92.4829	94.4092	103.851
637	2	85.9341	100.38	103.863
638	2	89.2551	102.11	103.87
639	2	110.428	95.1356	103.957
640	2	110.248	97.9401	104.007
641	2	112.357	93.3545	104.014
642	2	88.0144	107.928	104.074
643	2	108.354	90.2943	104.083
644	2	112.399	103.368	104.099
645	2	107.733	98.8699	104.183
646	2	102.944	91.3971	104.201
647	2	92.1052	102.972	104.215
648	2	93.9059	96.7767	104.281
649	2	95.6426	98.7301	104.289
650	2	97.2244	109.208	104.335
651	2	97.97	97.4513	104.336
652	2	113.925	101.34	104.338
653	2	104.56	93.6426	104.388
654	2	93.5739	100.43	104.39
655	2	96.8937	104.223	104.391
656	2	92.5443	88.368	104.401
657	2	93.945	107.754	104.417
658	2	111.087	91.0984	104.44
659	2	107.967	96.2874	104.506
660	2	91.8866	109.494	104.585
661	2	94.6515	110.549	104.601
662	2	109.734	100.738	104.616
663	2	94.5676	92.6611	104.632
664	2	101.718	110.605	104.664
665	2	98.5374	101.114	104.715
666	2	101.581	104.939	104.777
667	2	109.1	92.753	104.796
668	2	88.3344	95.1086	104.801
669	2	105.457	104.098	104.827
670	2	100.065	99.0031	104.844
671	2	106.881	112.953	104.857
672	2	105.747	91.3265	104.861
673	2	96.0857	90.3528	104.868
674	2	103.708	101.954	104.882
675	2	100.554	92.9577	104.905
676	2	105.927	108.214	104.922
677	2	91.3727	106.789	104.939
678	2	108.231	87.1208	104.947
679	2	95.9085	101.606	105.002
680	2	97.9081	113.011	105.032
681	2	104.439	86.5797	105.037
682	2	95.761	94.9827	105.076
683	2	110.037	103.354	105.091
684	2	86.7307	102.508	105.113
685	2	103.781	98.4001	105.152
686	2	103.894	106.399	105.167
687	2	89.3532	109.774	105.195
688	2	99.2893	103.525	105.219
689	2	96.3611	106.714	105.231
690	2	100.49	96.4381	105.234
691	2	95.2861	113.01	105.238
692	2	99.176	106.439	105.279
693	2	90.3367	93.431	105.282
694	2	91.1242	100.709	105.329
695	2	108.282	107.117	105.4
696	2	97.0043	87.6382	105.401
697	2	103.831	89.1745	105.415
698	2	99.3138	85.9709	105.448
699	2	105.487	110.808	105.452
700	2	111.515	105.67	105.453
701	2	98.4247	94.7942	105.472
702	2	99.2259	110.559	105.48
703	2	105.22	96.0156	105.502
704	2	110.061	88.8813	105.552
705	2	105.776	100.155	105.594
706	2	98.5846	91.3246	105.612
707	2	107.406	102.346	105.63
708	2	86.8245	98.5699	105.631
709	2	90.9033	90.1036	105.637
710	2	106.574	88.9924	105.689
711	2	94.538	103.895	105.713
712	2	88.5256	100.402	105.75
713	2	102.545	94.8467	105.797
714	2	91.6156	95.9777	105.86
715	2	92.4431	98.4378	105.866
716	2	112.107	97.6096	105.929
717	2	92.8273	111.808	105.937
718	2	106.865	93.5947	105.948
719	2	89.2243	97.375	105.966
720	2	89.1073	103.831	105.99
721	2	109.512	109.33	106.057
722	2	96.8614	85.2043	106.061
723	2	102.045	100.119	106.11
724	2	103.443	109.108	106.126
725	2	111.89	94.9445	106.196
726	2	102.439	85.0887	106.209
727	2	99.3564	88.8287	106.216
728	2	101.591	87.4934	106.304
729	2	108.483	111.672	106.33
730	2	94.4643	88.9002	106.341
731	2	101.346	90.5718	106.342
732	2	93.1875	91.267	106.346
733	2	97.2952	99.4865	106.355
734	2	89.2952	107.439	106.362
735	2	108.313	104.684	106.42
736	2	109.263	94.9627	106.456
737	2	101.422	102.714	106.502
738	2	91.6568	104.324	106.513
739	2	106.905	97.8691	106.562
740	2	93.4739	94.1197	106.6
741	2	111.596	100.28	106.607
742	2	109.305	98.9879	106.646
743	2	96.7428	110.963	106.647
744	2	94.8911	108.922	106.651
745	2	96.9659	96.7875	106.732
746	2	108.503	90.7466	106.759
747	2	103.632	104.13	106.76
748	2	93.9111	106.255	106.763
749	2	111.462	107.884	106.781
750	2	93.1545	101.931	106.811
751	2	106.074	105.94	106.823
752	2	97.8446	108.289	106.835
753	2	94.6318	99.5693	106.849
754	2	94.3215	96.7107	106.932
755	2	106.41	86.7712	106.961
756	2	103.68	91.6093	107.018
757	2	96.0412	91.9168	107.024
758	2	92.4388	109.478	107.129
759	2	101.415	111.458	107.14
760	2	102.063	97.4104	107.162
761	2	92.0892	88.4918	107.173
762	2	97.3999	102.382	107.173
763	2	104.609	94.0372	107.319
764	2	109.47	101.874	107.358
765	2	89.7142	95.1041	107.374
766	2	99.4107	98.1449	107.4
767	2	99.5779	100.921	107.41
768	2	101.244	93.0049	107.418
769	2	99.0738	104.81	107.425
770	2	97.1176	89.5717	107.427
771	2	104.34	101.304	107.504
772	2	100.416	107.121	107.511
773	2	98.919	112.359	107.512
774	2	87.8037	102.144	107.535
775	2	90.4804	99.3837	107.536
776	2	98.3701	93.2097	107.55
777	2	96.3889	104.865	107.552
778	2	91.6181	107.064	107.642
779	2	106.811	110.355	107.645
780	2	103.928	86.6696	107.652
781	2	104.54	98.4761	107.654
782	2	91.4052	92.8607	107.689
783	2	94.7152	112.177	107.695
784	2	103.078	106.662	107.73
785	2	106.195	91.6615	107.759
786	2	110.081	105.961	107.79
787	2	105.297	108.243	107.795
788	2	100.37	85.7346	107.817
789	2	106.201	103.253	107.844
790	2	99.9159	95.4995	107.884
791	2	107.176	100.515	107.886
792	2	108.055	107.842	107.947
793	2	106.838	95.5298	107.963
794	2	104.105	110.932	107.965
795	2	88.9947	105.415	107.971
796	2	102.876	89.0685	108.058
797	2	88.0211	98.4143	108.084
798	2	96.5581	87.0787	108.088
799	2	95.8284	94.4359	108.089
800	2	99.6531	109.7	108.12
801	2	112.796	96.2195	108.203
802	2	108.404	93.1497	108.238
803	2	90.9847	102.093	108.275
804	2	109.272	96.8673	108.363
805	2	106.773	89.1375	108.367
806	2	99.5259	90.8856	108.439
807	2	92.0345	96.4103	108.467
808	2	111.436	98.3454	108.468
809	2	94.0227	103.967	108.481
810	2	95.6946	107.291	108.483
811	2	102.545	95.1461	108.551
812	2	102.211	109.103	108.637
813	2	101.925	100.863	108.672
814	2	99.1605	87.9024	108.681
815	2	95.3294	101.5	108.691
816	2	92.5752	90.5348	108.698
817	2	110.74	94.5965	108.771
818	2	96.333	98.7669	108.787
819	2	94.9577	89.2961	108.956
820	2	95.7218	110.036	108.987
821	2	108.486	103.931	109.011
822	2	92.8558	100.203	109.038
823	2	91.3098	104.735	109.089
824	2	100.366	103.305	109.108
825	2	98.0801	106.521	109.167
826	2	97.7547	96.4329	109.212
827	2	94.6306	92.0554	109.241
828	2	104.864	105.17	109.241
829	2	106.925	98.0553	109.248
830	2	93.1228	94.1927	109.254
831	2	103.165	103.13	109.254
832	2	110.797	100.788	109.334
833	2	88.9418	100.594	109.337
834	2	89.6351	96.8764	109.424
835	2	89.0102	103.329	109.488
836	2	104.598	96.4083	109.492
837	2	97.9279	100.81	109.521
838	2	94.7394	96.4657	109.522
839	2	104.567	90.4217	109.588
840	2	103.266	92.8129	109.597
841	2	102.582	98.5424	109.597
842	2	97.0984	91.1749	109.612
843	2	101.887	111.545	109.629
844	2	93.4766	106.402	109.664
845	2	97.8043	103.581	109.722
846	2	105.817	93.6771	109.754
847	2	105.15	99.9173	109.756
848	2	99.347	111.472	109.904
849	2	101.343	88.1587	109.928
850	2	100.515	93.3845	109.94
851	2	108.281	101.506	109.959
852	2	109.952	92.1367	109.974
853	2	99.6423	98.5526	109.982
854	2	101.719	90.6711	109.986
855	2	97.8408	93.7815	110.035
856	2	104.376	109.047	110.076
857	2	108.703	106.296	110.083
858	2	106.304	107.226	110.084
859	2	100.337	107.837	110.107
860	2	107.267	91.2196	110.145
861	2	97.9055	109.11	110.2
862	2	97.1644	88.6007	110.209
863	2	105.531	102.525	110.245
864	2	109.197	98.8695	110.286
865	2	90.8356	99.004	110.292
866	2	101.044	96.2904	110.34
867	2	102.879	106.845	110.371
868	2	100.28	101.165	110.676
869	2	91.3487	95.4384	110.796
870	2	94.6303	98.8564	110.803
871	2	109.555	96.0659	110.88
872	2	93.0856	103.795	110.921
873	2	106.855	95.958	110.927
874	2	95.3158	108.127	110.958
875	2	108.232	93.6835	110.965
876	2	111.519	97.8091	111.03
877	2	95.6213	102.704	111.069
878	2	99.6427	105.403	111.072
879	2	106.665	104.718	111.098
880	2	103.196	101.044	111.1
881	2	102.075	104.432	111.209
882	2	97.3084	98.1527	111.3
883	2	99.2787	91.625	111.321
884	2	93.4438	101.222	111.42
885	2	103.865	94.658	111.462
886	2	98.7933	95.8424	111.647
887	2	95.1061	105.387	111.67
888	2	93.2332	96.847	111.673
889	2	97.3966	106.762	111.727
890	2	103.371	97.3085	111.805
891	2	106.022	98.4402	111.907
892	2	110.845	100.094	111.934
893	2	92.3877	106.047	111.964
894	2	101.338	99.1075	112.118
895	2	97.2631	100.714	112.12
896	2	98.9213	103.123	112.188
897	2	92.3293	99.0678	112.426
898	2	101.272	107.164	112.437
899	2	101.362	94.7123	112.461
900	2	108.404	99.2806	112.671
901	2	98.0042	93.5382	112.678
902	2	101.525	102.236	112.774
903	2	108.064	96.8227	113.059
904	2	94.1723	107.316	113.099
905	2	100.964	92.2164	113.111
906	2	104.024	99.6506	113.119
907	2	105.36	96.1276	113.177
908	2	94.9277	99.8618	113.221
909	2	97.0635	104.597	113.284
910	2	103.529	103.965	113.358
911	2	99.5191	100.594	113.439
912	2	100.318	97.0384	113.542
913	2	100.947	104.908	113.603
914	2	95.9261	102.306	113.698
915	2	97.1722	98.4646	113.871
916	2	97.9881	95.9283	114.112
917	2	102.787	96.4623	114.147
918	2	99.7472	93.9713	114.437
919	2	98.3784	102.591	114.656
920	2	102.043	99.008	114.671
921	2	103.097	101.568	114.69
922	2	99.4073	98.7747	115.147
923	2	100.877	102.936	115.174


