1	1	96.6727	98.2519	84.4409
2	1	102.434	100.062	85.4781
3	1	95.2344	96.4031	85.592
4	1	100.474	101.785	85.8262
5	1	104.354	98.3652	85.8907
6	1	103.134	102.634	86.005
7	1	94.7659	99.1653	86.0149
8	1	102.945	95.959	86.0357
9	1	100.385	96.3078	86.0929
10	1	99.8525	104.422	86.1235
11	1	106.808	99.3364	86.1852
12	1	95.5664	101.741	86.2415
13	1	97.4919	99.8471	86.3537
14	1	97.8053	97.0879	86.5322
15	1	98.0798	102.561	86.5797
16	1	100.051	99.0071	86.598
17	1	99.9006	93.8312	86.6075
18	1	94.7117	93.9202	86.7339
19	1	92.6552	100.544	86.7795
20	1	90.9224	96.8525	86.9468
21	1	102.155	104.984	87.0399
22	1	107.105	101.683	87.1969
23	1	104.636	100.803	87.2407
24	1	105.205	103.646	87.3792
25	1	92.431	94.851	87.3894
26	1	93.4407	97.3249	87.3937
27	1	93.548	102.861	87.6797
28	1	104.771	96.5988	87.8208
29	1	96.3086	106.549	87.8422
30	1	98.8962	106.107	87.8587
31	1	96.1658	103.836	87.9085
32	1	105.583	92.3724	87.9216
33	1	102.178	97.4759	87.974
34	1	108.555	98.7268	87.9953
35	1	101.486	102.676	88.0471
36	1	102.125	100.131	88.0645
37	1	95.6997	95.8915	88.1149
38	1	103.641	94.2148	88.1397
39	1	98.1288	94.8223	88.2445
40	1	95.6853	91.9343	88.2557
41	1	100.046	91.9101	88.3599
42	1	99.2657	100.94	88.4048
43	1	94.7417	100.545	88.4718
44	1	101.242	106.983	88.4745
45	1	106.018	98.7158	88.6079
46	1	99.636	97.0389	88.6206
47	1	93.8074	106.694	88.6591
48	1	105.861	105.989	88.7313
49	1	100.931	94.601	88.8455
50	1	106.377	94.7432	88.9196
51	1	97.145	99.369	88.9212
52	1	92.1888	99.1811	88.9375
53	1	98.9174	103.611	89.0122
54	1	93.3881	92.9676	89.0642
55	1	92.1294	104.635	89.0926
56	1	103.636	104.819	89.1784
57	1	108.707	100.982	89.1979
58	1	104.151	90.604	89.2112
59	1	97.9586	108.314	89.2637
60	1	106.632	103.02	89.446
61	1	97.0516	89.9661	89.4608
62	1	90.9978	96.857	89.4748
63	1	103.747	102.095	89.4825
64	1	102.271	92.3634	89.5424
65	1	105.077	108.34	89.5425
66	1	106.697	90.4372	89.6562
67	1	94.8305	98.1563	89.6691
68	1	95.9303	110.147	89.7003
69	1	100.493	109.111	89.7345
70	1	90.3953	102.788	89.7397
71	1	93.5084	95.5215	89.76
72	1	96.8331	101.909	89.7772
73	1	109.179	103.587	89.8199
74	1	107.704	97.0737	89.8961
75	1	88.5348	97.4975	89.9857
76	1	95.9859	93.8474	90.0048
77	1	92.6988	101.616	90.0084
78	1	97.1853	96.8798	90.0119
79	1	91.5288	107.012	90.0714
80	1	96.8721	105.384	90.0794
81	1	94.5961	103.724	90.0939
82	1	100.504	99.1669	90.154
83	1	108.82	94.691	90.1683
84	1	98.8553	93.2874	90.2275
85	1	103.41	99.5176	90.2324
86	1	106.143	100.619	90.2904
87	1	95.5619	107.697	90.3746
88	1	99.8364	105.727	90.3765
89	1	102.981	107.218	90.3799
90	1	104.559	97.1701	90.3889
91	1	87.6245	99.9744	90.4135
92	1	90.1964	100.227	90.4415
93	1	94.629	90.9947	90.5082
94	1	105.601	92.7172	90.5146
95	1	101.876	96.6085	90.5211
96	1	99.4193	90.4671	90.5437
97	1	101.273	102.557	90.7758
98	1	103.081	110.018	90.7785
99	1	103.721	94.6435	90.7789
100	1	111.208	104.972	90.8121
101	1	107.284	105.267	90.8513
102	1	110.653	100.045	90.8627
103	1	108.166	92.2187	90.9258
104	1	91.5794	93.9879	90.9931
105	1	102.229	90.0101	91.0419
106	1	99.3211	95.8704	91.1079
107	1	104.946	88.9869	91.2032
108	1	92.7778	97.8156	91.2342
109	1	99.0463	101.255	91.2454
110	1	93.6344	105.968	91.2526
111	1	95.6308	88.7833	91.2658
112	1	108.205	99.325	91.3087
113	1	108.759	108.697	91.3265
114	1	94.8529	100.578	91.3367
115	1	102.151	104.952	91.405
116	1	97.0437	91.6787	91.4143
117	1	104.899	103.919	91.4239
118	1	97.9116	98.9005	91.4601
119	1	92.2458	109.077	91.4739
120	1	106.312	95.4109	91.5672
121	1	98.214	103.722	91.582
122	1	101.791	112.414	91.5874
123	1	106.441	107.709	91.5983
124	1	101.188	93.905	91.6357
125	1	89.9172	95.9743	91.7276
126	1	92.3018	103.686	91.7487
127	1	98.1974	107.324	91.7855
128	1	89.7454	106.433	91.8411
129	1	94.3364	110.658	91.8936
130	1	100.855	107.691	91.9144
131	1	93.807	93.1353	91.9478
132	1	110.441	95.8966	91.9607
133	1	100.455	110.314	92.0555
134	1	96.7613	109.604	92.0691
135	1	109.423	106.348	92.0713
136	1	87.5455	101.92	92.073
137	1	103.298	92.273	92.1105
138	1	96.8126	95.1732	92.1285
139	1	107.254	102.497	92.1312
140	1	105.529	110.082	92.1332
141	1	91.5906	89.9848	92.2362
142	1	92.0864	100.19	92.2619
143	1	102.016	100.355	92.2957
144	1	88.8543	98.5924	92.2973
145	1	93.37	88.0555	92.3009
146	1	90.0876	102.167	92.3214
147	1	104.602	101.297	92.3328
148	1	94.2066	95.7111	92.3532
149	1	95.7883	103.032	92.3604
150	1	111.667	101.862	92.3689
151	1	109.641	103.489	92.3775
152	1	95.3332	98.162	92.409
153	1	96.5534	112.17	92.4716
154	1	104.414	106.311	92.5072
155	1	100.276	98.0806	92.5349
156	1	104.406	98.6411	92.6032
157	1	95.972	105.798	92.6136
158	1	100.312	88.7693	92.6745
159	1	108.288	97.0771	92.6755
160	1	108.461	94.1375	92.7501
161	1	100.506	91.4368	92.7505
162	1	106.371	87.4612	92.8471
163	1	94.3495	108.155	92.8615
164	1	110.778	98.3719	92.8671
165	1	103.184	108.633	92.9343
166	1	98.6157	93.381	92.9669
167	1	93.9549	90.7376	93.0671
168	1	89.2213	90.8091	93.103
169	1	105.901	92.9395	93.1158
170	1	91.9483	106.821	93.1195
171	1	103.067	88.4731	93.1283
172	1	102.873	103.075	93.1315
173	1	100.214	103.067	93.1722
174	1	102.532	96.8803	93.1992
175	1	97.0154	100.83	93.226
176	1	104.851	90.5039	93.2913
177	1	111.971	104.545	93.2976
178	1	91.1991	97.7503	93.3301
179	1	103.39	111.481	93.3334
180	1	106.671	100.089	93.342
181	1	108.248	91.3099	93.3597
182	1	109.313	100.75	93.3668
183	1	104.29	94.9888	93.4093
184	1	107.915	109.768	93.4164
185	1	96.6155	89.9492	93.4218
186	1	91.2917	92.3777	93.4268
187	1	91.8647	95.0954	93.453
188	1	93.5971	101.994	93.4939
189	1	106.653	104.82	93.5066
190	1	97.6357	97.2477	93.573
191	1	100.171	95.5339	93.5786
192	1	90.3015	104.557	93.6062
193	1	95.9133	92.8022	93.6279
194	1	98.3937	105.285	93.6282
195	1	100.987	105.635	93.6779
196	1	98.8499	111.809	93.6837
197	1	91.0863	109.223	93.7781
198	1	99.7647	100.417	93.8031
199	1	108.865	87.9058	93.8363
200	1	88.9581	107.757	93.8392
201	1	98.7075	109.213	93.8466
202	1	87.2313	100.113	93.8531
203	1	107.728	107.238	93.9439
204	1	98.1518	87.743	93.9501
205	1	106.025	96.7984	94.0394
206	1	111.2	106.899	94.1187
207	1	101.163	113.004	94.1314
208	1	88.7723	96.388	94.1359
209	1	93.228	104.603	94.1858
210	1	110.386	89.9866	94.1901
211	1	89.8299	100.217	94.2255
212	1	104.401	86.614	94.272
213	1	94.8519	99.7928	94.3687
214	1	102.286	93.7414	94.4202
215	1	90.6067	88.9969	94.4213
216	1	95.0225	112.74	94.4226
217	1	110.369	92.7337	94.4439
218	1	93.364	86.3548	94.4473
219	1	102.469	90.9659	94.471
220	1	106.848	89.378	94.4715
221	1	94.5598	88.6051	94.4985
222	1	97.3885	113.874	94.5148
223	1	109.378	105.094	94.5324
224	1	93.5472	97.2202	94.5442
225	1	93.3316	110.675	94.5732
226	1	104.955	109.671	94.5755
227	1	109.801	95.5568	94.5961
228	1	95.9366	109.567	94.6084
229	1	88.3546	102.656	94.6257
230	1	103.45	105.267	94.6958
231	1	95.68	95.5021	94.7043
232	1	98.1831	102.712	94.7072
233	1	106.708	102.404	94.7148
234	1	103.019	100.818	94.746
235	1	112.239	94.6816	94.7477
236	1	103.577	113.746	94.7845
237	1	86.7575	97.7338	94.7967
238	1	99.0967	89.971	94.8199
239	1	110.932	102.575	94.8285
240	1	95.9672	104.172	94.841
241	1	93.4334	93.0784	94.915
242	1	91.3833	102.449	94.9683
243	1	92.3297	99.824	94.9963
244	1	109.17	98.2946	95.0363
245	1	95.4763	106.882	95.0619
246	1	88.3269	105.462	95.0814
247	1	102.245	107.629	95.1095
248	1	103.988	98.3149	95.156
249	1	100.056	92.4325	95.1994
250	1	107.508	93.1873	95.208
251	1	89.7882	94.1359	95.2461
252	1	99.9511	97.8672	95.2493
253	1	101.52	88.3003	95.2774
254	1	111.652	97.3677	95.3111
255	1	97.7546	99.3887	95.3798
256	1	92.5256	90.5298	95.4174
257	1	109.671	108.736	95.5049
258	1	93.038	108.131	95.5123
259	1	86.1843	103.992	95.5152
260	1	101.468	103.344	95.53
261	1	104.68	92.4048	95.5396
262	1	97.8218	93.7211	95.5466
263	1	106.682	98.8441	95.5771
264	1	91.4163	105.996	95.5882
265	1	113.403	102.775	95.6391
266	1	89.8259	91.316	95.6673
267	1	104.392	102.908	95.7045
268	1	104.32	89.3982	95.7287
269	1	96.7632	91.3231	95.78
270	1	102.34	96.3637	95.815
271	1	90.264	97.6946	95.8171
272	1	99.5406	114.343	95.8428
273	1	99.8819	84.8515	95.8461
274	1	96.4061	87.3304	95.8832
275	1	104.825	107.408	95.9207
276	1	96.1211	101.49	95.9259
277	1	97.2317	111.603	95.9272
278	1	107.027	108.946	95.9297
279	1	100.448	109.312	95.951
280	1	91.5626	87.2007	95.9847
281	1	102.378	85.7927	95.9971
282	1	92.1613	95.4087	96.0245
283	1	97.8778	106.158	96.0329
284	1	97.8485	96.3363	96.0454
285	1	104.122	111.582	96.1006
286	1	100.139	94.9986	96.1085
287	1	106.958	105.644	96.1288
288	1	95.5918	98.0819	96.1992
289	1	104.839	95.2637	96.2009
290	1	93.9117	102.981	96.2073
291	1	109.741	100.631	96.219
292	1	108.661	103.278	96.2227
293	1	111.743	104.815	96.2236
294	1	107.571	96.0307	96.2813
295	1	87.9788	99.4324	96.3028
296	1	101.511	111.663	96.3072
297	1	99.2734	87.2323	96.3125
298	1	99.7227	101.208	96.3215
299	1	109.266	90.9412	96.3486
300	1	91.064	109.942	96.3511
301	1	100.674	105.886	96.3571
302	1	89.4884	107.643	96.3643
303	1	108.452	88.5058	96.3938
304	1	97.8058	108.876	96.4195
305	1	111.74	90.4276	96.5101
306	1	112.014	107.597	96.5272
307	1	101.791	99.1488	96.624
308	1	87.9895	92.8173	96.6605
309	1	95.4548	93.6291	96.6745
310	1	94.4739	113.764	96.6991
311	1	92.3681	112.188	96.7015
312	1	106.587	90.7387	96.7107
313	1	94.6175	85.554	96.7136
314	1	109.538	93.8554	96.7444
315	1	94.9247	89.6571	96.7594
316	1	93.8211	105.643	96.7633
317	1	111.995	92.9804	96.7985
318	1	94.7812	111.175	96.8098
319	1	104.763	87.0347	96.8214
320	1	101.278	90.4257	96.8233
321	1	89.7353	101.353	96.8323
322	1	98.9611	103.923	96.8367
323	1	89.645	88.7546	96.902
324	1	91.4639	92.9204	96.9092
325	1	109.349	106.424	96.9438
326	1	107.212	101.032	96.9897
327	1	101.9	92.9038	97.003
328	1	103.909	114.831	97.0067
329	1	104.558	100.257	97.0519
330	1	103.115	109.3	97.1091
331	1	112.641	95.7331	97.1318
332	1	95.1895	108.596	97.1331
333	1	87.1018	102.081	97.148
334	1	92.7778	98.4087	97.1486
335	1	97.6621	89.1923	97.1497
336	1	94.4856	95.9797	97.274
337	1	104.336	105.214	97.2862
338	1	97.4156	85.3233	97.2879
339	1	108.497	110.684	97.2974
340	1	97.1077	113.945	97.3102
341	1	92.2913	101.204	97.396
342	1	111.761	99.2075	97.4102
343	1	102.159	101.687	97.4279
344	1	105.304	97.6174	97.4837
345	1	111.679	102.16	97.5049
346	1	106.413	93.5293	97.534
347	1	96.1696	104.366	97.574
348	1	93.7911	91.9085	97.5795
349	1	87.8955	104.888	97.6058
350	1	99.3373	112.435	97.6073
351	1	110.02	97.1305	97.6234
352	1	101.577	114.062	97.6304
353	1	92.5406	88.8601	97.7268
354	1	106.49	103.561	97.7325
355	1	113.78	106.164	97.751
356	1	98.7661	91.8559	97.7659
357	1	99.0444	99.0815	97.7875
358	1	87.3252	107.361	97.797
359	1	85.4591	100.36	97.871
360	1	102.31	87.6265	97.8751
361	1	105.732	110.128	97.8958
362	1	100.467	96.9131	97.963
363	1	91.9189	108.072	97.977
364	1	99.5942	107.612	97.9809
365	1	89.5867	96.0143	97.9977
366	1	107.841	98.5829	98.0377
367	1	85.471	104.219	98.0419
368	1	90.4352	105.778	98.0698
369	1	97.6153	102.074	98.076
370	1	110.557	109.223	98.0926
371	1	99.7535	83.8484	98.0999
372	1	102.991	95.1204	98.1309
373	1	103.573	89.9342	98.146
374	1	97.5414	94.4233	98.1736
375	1	96.3749	99.7768	98.1904
376	1	101.975	104.347	98.1978
377	1	90.0135	98.7801	98.2111
378	1	102.342	107.05	98.2213
379	1	104.087	92.4573	98.2502
380	1	92.3202	103.826	98.2742
381	1	106.714	88.3614	98.3048
382	1	96.8664	106.857	98.3499
383	1	95.0599	87.6181	98.36
384	1	97.013	97.0055	98.4066
385	1	106.516	85.7425	98.4165
386	1	108.003	108.365	98.4533
387	1	99.9015	89.0607	98.4611
388	1	109.811	104.142	98.4733
389	1	97.7077	110.524	98.4782
390	1	92.0807	96.298	98.5045
391	1	90.4636	90.7072	98.5067
392	1	108.453	92.1124	98.5512
393	1	100.701	109.973	98.5595
394	1	102.18	84.7975	98.5627
395	1	94.8136	101.865	98.5751
396	1	104.288	102.578	98.5826
397	1	100.306	94.2025	98.6099
398	1	105.129	107.604	98.6147
399	1	96.2484	90.9747	98.6699
400	1	89.5845	103.206	98.6926
401	1	102.835	111.747	98.6994
402	1	102.823	97.7547	98.7094
403	1	92.7814	86.3351	98.7156
404	1	92.4405	110.595	98.7792
405	1	108.285	95.038	98.7973
406	1	100.108	86.3714	98.8048
407	1	111.163	106.713	98.8601
408	1	114.528	95.4958	98.8724
409	1	87.4906	99.3036	98.8764
410	1	109.135	89.5738	98.8959
411	1	111	94.7939	98.9085
412	1	89.8692	109.919	98.9209
413	1	109.871	100.28	98.9251
414	1	112.457	104.319	98.9283
415	1	104.821	113.475	98.9533
416	1	88.028	91.7505	98.9781
417	1	106.973	112.067	98.987
418	1	111.13	91.3822	99.0025
419	1	107.506	105.758	99.0065
420	1	94.6808	98.028	99.0267
421	1	113.507	100.382	99.0299
422	1	94.0877	107.002	99.0497
423	1	105.472	95.5148	99.0668
424	1	89.9575	93.4449	99.0719
425	1	92.623	93.8383	99.1379
426	1	113.165	93.1787	99.143
427	1	90.6197	87.9118	99.1585
428	1	94.9989	113.939	99.1926
429	1	114.836	98.0866	99.1986
430	1	100.612	100.927	99.2741
431	1	112.388	97.357	99.2742
432	1	108.146	102.201	99.3098
433	1	97.5662	87.4375	99.3192
434	1	99.7171	103.54	99.3371
435	1	95.3379	85.1633	99.3383
436	1	106.141	90.7581	99.339
437	1	104.181	86.3263	99.3569
438	1	95.1827	111.349	99.3751
439	1	100.919	91.6203	99.4514
440	1	106.167	100.375	99.4664
441	1	92.8957	99.7879	99.601
442	1	103.354	100.162	99.6366
443	1	99.7834	114.213	99.6557
444	1	93.5592	90.3027	99.7158
445	1	95.0162	95.2036	99.7682
446	1	86.0556	106.24	99.8359
447	1	103.319	109.341	99.8448
448	1	98.0053	84.772	99.8453
449	1	87.4686	101.836	99.8458
450	1	105.041	104.956	99.8987
451	1	94.5532	104.331	99.9097
452	1	95.8382	108.818	99.9185
453	1	91.3658	101.922	100.02
454	1	97.328	113.089	100.038
455	1	98.9479	96.049	100.051
456	1	98.7729	106.166	100.064
457	1	87.8678	108.296	100.109
458	1	90.4395	107.67	100.152
459	1	92.1484	105.676	100.173
460	1	107.575	97.1707	100.191
461	1	105.081	97.9847	100.197
462	2	97.5107	92.8035	100.2
463	2	102.393	113.865	100.204
464	2	101.904	89.0874	100.213
465	2	100.617	98.5715	100.228
466	2	88.6885	97.1741	100.242
467	2	97.2086	103.952	100.247
468	2	111.708	102.024	100.25
469	2	94.7624	92.6046	100.275
470	2	105.632	93.1623	100.287
471	2	97.9269	98.7022	100.296
472	2	98.5478	108.863	100.308
473	2	99.5586	111.673	100.311
474	2	113.372	106.609	100.331
475	2	104.675	88.7482	100.335
476	2	98.4226	90.2086	100.336
477	2	102.705	93.7611	100.392
478	2	87.8385	104.454	100.42
479	2	102.262	102.655	100.437
480	2	110.094	98.12	100.453
481	2	111.732	108.668	100.497
482	2	98.4264	101.453	100.518
483	2	93.023	112.506	100.527
484	2	85.3504	103.585	100.563
485	2	90.679	95.46	100.606
486	2	95.6862	89.0191	100.611
487	2	103.223	106.692	100.646
488	2	105.712	110.365	100.65
489	2	106.538	86.9795	100.71
490	2	91.8028	91.8935	100.779
491	2	109.562	106.027	100.795
492	2	90.6881	98.8478	100.798
493	2	103.307	91.2317	100.822
494	2	106.681	107.866	100.874
495	2	101.253	105.064	100.897
496	2	112.882	95.1876	100.909
497	2	101.039	108.488	100.912
498	2	96.0199	100.762	100.917
499	2	92.8452	97.1715	100.927
500	2	109.212	108.688	100.931
501	2	93.9675	86.9701	100.951
502	2	108.255	92.9925	100.956
503	2	86.7692	92.8948	100.985
504	2	96.2068	106.392	101.054
505	2	110.986	93.1456	101.065
506	2	101.411	95.9241	101.127
507	2	107.135	103.866	101.129
508	2	104.912	102.328	101.135
509	2	99.646	87.7196	101.136
510	2	101.548	85.7772	101.151
511	2	93.6613	102.066	101.166
512	2	93.5933	109.869	101.167
513	2	90.6793	89.5367	101.174
514	2	99.8487	93.46	101.186
515	2	112.452	99.3571	101.229
516	2	109.517	95.5076	101.232
517	2	90.3765	104.228	101.297
518	2	109.692	103.384	101.317
519	2	110.52	89.9932	101.334
520	2	107.955	90.1173	101.344
521	2	104.358	112.538	101.388
522	2	95.6684	97.4426	101.416
523	2	88.132	99.6426	101.428
524	2	97.0542	95.0496	101.457
525	2	107.775	99.4663	101.482
526	2	89.461	110.037	101.495
527	2	88.4233	90.9274	101.52
528	2	96.9003	110.784	101.525
529	2	101.98	111.277	101.529
530	2	113.903	101.689	101.531
531	2	114.114	97.3982	101.577
532	2	112.862	104.255	101.596
533	2	104.217	95.8066	101.652
534	2	102.814	98.0977	101.666
535	2	106.797	95.1452	101.734
536	2	92.93	94.4023	101.765
537	2	110.098	100.592	101.777
538	2	87.8539	95.1218	101.799
539	2	96.2564	84.7158	101.812
540	2	90.9344	112.056	101.88
541	2	89.4115	101.86	101.892
542	2	89.758	93.1253	101.915
543	2	88.7774	106.473	101.93
544	2	93.7262	107.117	101.976
545	2	93.9323	99.4627	102.032
546	2	96.3792	91.2748	102.054
547	2	105.573	90.9312	102.099
548	2	102.34	100.582	102.131
549	2	99.0625	104.116	102.14
550	2	100.6	113.515	102.148
551	2	104.988	99.8663	102.173
552	2	100.649	90.8107	102.198
553	2	96.9907	87.1516	102.202
554	2	93.2499	89.2982	102.229
555	2	98.9629	85.3578	102.244
556	2	104.39	108.355	102.354
557	2	103.605	104.324	102.354
558	2	99.5406	97.4765	102.361
559	2	93.078	104.393	102.397
560	2	95.7624	103.337	102.398
561	2	111.54	106.674	102.402
562	2	91.5078	108.578	102.408
563	2	105.872	105.835	102.482
564	2	99.7042	106.718	102.5
565	2	99.7535	100.477	102.522
566	2	86.3778	105.469	102.551
567	2	99.3908	110.183	102.589
568	2	91.6172	100.71	102.61
569	2	111.515	96.9273	102.617
570	2	104.396	93.2866	102.624
571	2	87.0533	102.573	102.667
572	2	106.955	101.638	102.718
573	2	101.867	88.2779	102.732
574	2	93.7854	91.9431	102.754
575	2	98.2495	112.715	102.78
576	2	95.6903	108.708	102.784
577	2	97.4352	99.079	102.814
578	2	106.276	97.5695	102.831
579	2	107.393	109.648	102.932
580	2	104.566	88.589	102.947
581	2	101.784	93.1875	102.96
582	2	98.4758	89.3417	102.976
583	2	101.272	102.969	103.001
584	2	108.383	106.881	103.003
585	2	103.539	86.1058	103.008
586	2	95.0042	95.3253	103.022
587	2	87.9919	97.5568	103.044
588	2	109.515	91.8509	103.053
589	2	94.1594	85.5444	103.068
590	2	84.6402	103.521	103.107
591	2	107.181	88.0406	103.138
592	2	88.9072	88.9309	103.144
593	2	102.282	106.53	103.152
594	2	90.1695	95.5651	103.178
595	2	99.0588	94.8999	103.199
596	2	98.4949	92.194	103.287
597	2	104.92	110.816	103.319
598	2	101.772	109.028	103.328
599	2	90.5252	98.2379	103.358
600	2	110.076	108.702	103.371
601	2	90.8915	106.059	103.393
602	2	95.6364	89.1515	103.401
603	2	85.1062	100.989	103.403
604	2	106.978	93.1244	103.446
605	2	87.5189	92.8216	103.466
606	2	94.4009	110.897	103.466
607	2	113.667	95.4565	103.51
608	2	110.976	104.242	103.528
609	2	110.45	94.4249	103.535
610	2	108.91	96.8441	103.563
611	2	91.2948	88.1882	103.564
612	2	111.848	90.823	103.621
613	2	92.6731	96.5834	103.625
614	2	103.018	90.8201	103.636
615	2	101.237	85.0125	103.648
616	2	95.9122	100.88	103.654
617	2	108.181	104.417	103.661
618	2	95.8998	106.003	103.694
619	2	101.494	95.7996	103.699
620	2	103.824	113.361	103.768
621	2	111.457	99.2925	103.781
622	2	90.9682	103.338	103.782
623	2	98.1629	102.384	103.804
624	2	109.252	102.014	103.822
625	2	97.2234	96.6831	103.835
626	2	103.819	101.831	103.842
627	2	113.609	103.096	103.849
628	2	91.6159	93.3374	103.916
629	2	91.7861	110.863	103.951
630	2	105.72	103.578	103.994
631	2	109.597	89.2698	104.011
632	2	87.4993	100.16	104.027
633	2	99.7766	87.1702	104.034
634	2	101.308	98.7533	104.036
635	2	93.5912	102.048	104.036
636	2	87.6437	107.405	104.046
637	2	89.4902	109.214	104.049
638	2	94.9942	98.1203	104.052
639	2	97.9916	108.169	104.1
640	2	95.9251	93.1192	104.117
641	2	88.5107	104.458	104.12
642	2	103.722	97.212	104.139
643	2	89.5393	91.2342	104.149
644	2	108.029	99.3418	104.163
645	2	107.254	90.5674	104.179
646	2	96.9749	110.795	104.278
647	2	87.2158	95.2408	104.36
648	2	106.266	107.71	104.362
649	2	102.523	111.249	104.411
650	2	105.852	95.4563	104.426
651	2	93.3637	108.698	104.496
652	2	98.3431	105.187	104.504
653	2	93.3093	105.999	104.534
654	2	92.1505	90.7834	104.588
655	2	92.6877	99.2631	104.635
656	2	101.282	113.512	104.652
657	2	95.6417	86.819	104.699
658	2	111.62	101.676	104.782
659	2	105.313	99.4993	104.803
660	2	112.518	93.2581	104.831
661	2	103.45	94.399	104.854
662	2	92.5072	86.2164	104.88
663	2	104.108	105.668	104.911
664	2	101.282	104.797	104.932
665	2	110.311	106.469	105.012
666	2	93.5508	88.57	105.054
667	2	105.223	87.0043	105.058
668	2	100.239	93.0915	105.068
669	2	103.869	108.739	105.07
670	2	100.666	101.459	105.077
671	2	95.9202	103.498	105.108
672	2	86.2943	103.347	105.109
673	2	98.7521	99.5048	105.113
674	2	99.9994	90.4739	105.14
675	2	102.312	87.0318	105.168
676	2	104.977	92.168	105.171
677	2	100.352	107.319	105.185
678	2	108.279	94.85	105.191
679	2	100.037	110.044	105.223
680	2	106.52	110.831	105.319
681	2	94.9358	90.943	105.321
682	2	99.4442	96.9582	105.336
683	2	98.9223	112.416	105.35
684	2	97.4473	89.3042	105.377
685	2	111.746	95.8962	105.385
686	2	104.998	89.569	105.42
687	2	106.843	101.55	105.427
688	2	89.2012	96.7174	105.444
689	2	89.3378	93.6916	105.445
690	2	97.8993	94.4351	105.47
691	2	114.069	97.1014	105.476
692	2	91.2887	101.364	105.478
693	2	91.0672	107.605	105.542
694	2	113.353	99.5937	105.551
695	2	89.6838	99.3339	105.593
696	2	95.4083	95.5501	105.604
697	2	109.987	92.6667	105.605
698	2	110.024	98.0631	105.621
699	2	112.346	104.624	105.673
700	2	88.5022	102.025	105.682
701	2	95.6595	107.985	105.686
702	2	91.5817	95.3844	105.751
703	2	107.464	88.518	105.853
704	2	102.95	100.242	105.861
705	2	97.9497	86.7184	105.874
706	2	93.6885	93.5208	105.876
707	2	97.6451	91.8134	105.904
708	2	93.0472	103.694	105.919
709	2	107.673	105.887	105.946
710	2	88.9049	106.276	105.973
711	2	94.8154	100.367	105.989
712	2	103.023	103.148	106.02
713	2	102.376	89.5934	106.065
714	2	111.929	90.9242	106.128
715	2	102.477	92.1993	106.142
716	2	96.5403	98.1444	106.155
717	2	97.2583	101.443	106.165
718	2	92.399	112.131	106.189
719	2	99.2789	103.327	106.222
720	2	107.429	92.3868	106.258
721	2	90.7299	110.096	106.263
722	2	101.121	95.2187	106.267
723	2	109.33	100.585	106.299
724	2	105.317	97.3223	106.323
725	2	90.2393	103.997	106.327
726	2	113.623	102.178	106.391
727	2	108.583	103.351	106.401
728	2	93.6732	97.3752	106.44
729	2	107.537	108.73	106.481
730	2	95.15	105.481	106.526
731	2	90.5049	90.053	106.533
732	2	109.427	90.2438	106.537
733	2	101.977	97.8478	106.548
734	2	105.804	103.975	106.549
735	2	104.094	111.005	106.561
736	2	102.437	106.783	106.697
737	2	98.1755	108.594	106.744
738	2	91.3908	92.5207	106.758
739	2	101.348	111.805	106.813
740	2	96.0682	110.368	106.843
741	2	87.5145	99.7084	106.845
742	2	94.0915	86.4343	106.92
743	2	105.351	107.241	106.96
744	2	107.858	96.9333	106.967
745	2	87.6166	95.133	106.968
746	2	95.5853	88.6699	107.052
747	2	106.043	94.628	107.063
748	2	96.9749	112.818	107.065
749	2	99.0135	105.916	107.086
750	2	103.562	95.652	107.091
751	2	93.2774	107.219	107.118
752	2	111.115	102.84	107.141
753	2	93.2094	109.832	107.148
754	2	104.849	101.455	107.188
755	2	95.9755	93.4608	107.323
756	2	92.3632	88.4128	107.329
757	2	103.741	87.3332	107.335
758	2	111.378	93.9271	107.371
759	2	112.412	97.7469	107.394
760	2	97.6781	96.1077	107.402
761	2	92.658	99.8041	107.419
762	2	91.1514	97.566	107.46
763	2	106.734	99.5246	107.482
764	2	101.069	87.8146	107.526
765	2	111.766	100.276	107.542
766	2	94.8669	102.469	107.569
767	2	100.035	92.0086	107.584
768	2	100.795	100.306	107.602
769	2	109.223	107.061	107.657
770	2	94.4902	112.336	107.663
771	2	100.688	108.855	107.704
772	2	101.34	104.503	107.709
773	2	98.7233	110.994	107.744
774	2	98.2408	99.3964	107.776
775	2	110.229	96.2412	107.79
776	2	97.115	103.955	107.794
777	2	98.4268	88.7152	107.831
778	2	91.0007	106.019	107.861
779	2	106.308	110.575	107.911
780	2	103.44	108.909	107.925
781	2	107.144	90.3928	107.931
782	2	105.137	92.3073	107.958
783	2	104.497	89.7107	107.991
784	2	88.5728	97.4033	107.991
785	2	90.0645	94.8857	108.001
786	2	91.7102	102.322	108.013
787	2	94.7861	91.0241	108.019
788	2	104.013	98.8802	108.084
789	2	96.7481	106.821	108.09
790	2	104.017	105.021	108.092
791	2	99.9344	97.1949	108.103
792	2	92.879	95.214	108.128
793	2	99.081	86.2188	108.131
794	2	96.503	86.5382	108.195
795	2	89.8369	100.026	108.232
796	2	89.0342	102.579	108.275
797	2	109.458	98.8669	108.411
798	2	109.17	92.4286	108.413
799	2	95.3152	99.1	108.419
800	2	95.2587	96.2412	108.458
801	2	93.4053	104.613	108.463
802	2	97.4241	91.231	108.536
803	2	92.2032	90.7319	108.638
804	2	106.821	105.752	108.642
805	2	99.4721	102.52	108.716
806	2	102.63	92.8193	108.747
807	2	98.1366	93.8511	108.759
808	2	107.104	103.186	108.808
809	2	100.652	94.6858	108.828
810	2	107.912	94.7997	108.832
811	2	97.0001	101.42	108.9
812	2	109.575	103.822	109.005
813	2	100.457	89.8728	109.029
814	2	105.959	97.0176	109.04
815	2	107.026	108.311	109.094
816	2	101.971	110.728	109.102
817	2	102.418	96.7022	109.19
818	2	94.6524	110.37	109.332
819	2	101.793	106.921	109.351
820	2	97.0282	109.227	109.367
821	2	94.5927	107.584	109.397
822	2	104.412	94.7374	109.406
823	2	104.555	102.638	109.413
824	2	94.5361	93.2394	109.453
825	2	110.459	101.398	109.48
826	2	107.956	100.879	109.484
827	2	91.6927	93.2849	109.492
828	2	101.964	102.612	109.511
829	2	93.6311	101.156	109.603
830	2	97.4835	97.557	109.629
831	2	96.612	88.8972	109.689
832	2	90.593	104.19	109.721
833	2	99.7248	105.07	109.738
834	2	92.4678	108.992	109.749
835	2	104.555	107.334	109.758
836	2	110.399	94.5874	109.857
837	2	90.4351	96.7571	109.863
838	2	91.8011	99.0562	109.869
839	2	102.441	100.092	109.869
840	2	99.9326	99.1556	109.878
841	2	95.6707	104.96	109.895
842	2	111.4	97.2651	109.963
843	2	99.6184	109.897	110.011
844	2	105.37	100.154	110.083
845	2	108.983	106.03	110.101
846	2	94.1582	89.6468	110.173
847	2	108.604	96.8757	110.286
848	2	92.3915	106.259	110.296
849	2	100.45	92.4412	110.32
850	2	106.111	92.9747	110.351
851	2	103.743	89.6992	110.426
852	2	90.7316	101.542	110.431
853	2	96.2735	94.965	110.514
854	2	103.049	104.88	110.573
855	2	94.1881	97.9105	110.575
856	2	97.6847	106.605	110.583
857	2	99.0286	95.6547	110.761
858	2	93.4178	95.2274	110.842
859	2	95.5772	102.486	110.843
860	2	98.6757	90.4276	110.882
861	2	96.0097	91.4454	110.893
862	2	92.8636	103.465	110.919
863	2	103.931	97.9999	110.939
864	2	105.708	104.426	110.988
865	2	108.678	93.0343	111.001
866	2	96.5582	99.7593	111.01
867	2	109.804	99.2998	111.032
868	2	101.866	108.996	111.043
869	2	98.908	101.407	111.078
870	2	93.1793	91.8496	111.088
871	2	103.558	92.1386	111.141
872	2	102.097	94.4821	111.171
873	2	98.0796	93.0662	111.308
874	2	106.831	106.853	111.353
875	2	97.9304	103.955	111.387
876	2	101.465	90.3875	111.416
877	2	101.266	97.1518	111.566
878	2	100.177	107.076	111.573
879	2	106.539	97.9443	111.59
880	2	107.038	95.1401	111.636
881	2	95.6687	107.919	111.696
882	2	100.804	103.427	111.707
883	2	104.248	108.861	111.78
884	2	107.451	100.385	111.92
885	2	98.1768	108.832	111.965
886	2	92.0196	97.1708	111.985
887	2	98.6891	98.0924	112.021
888	2	104.423	95.6186	112.073
889	2	93.1252	107.982	112.088
890	2	96.1291	97.0417	112.112
891	2	94.4119	105.524	112.121
892	2	108.043	104.601	112.132
893	2	103.615	100.666	112.152
894	2	94.1743	100.25	112.189
895	2	90.8296	99.4532	112.219
896	2	110.267	97.0663	112.225
897	2	100.908	99.7754	112.337
898	2	94.9896	93.5892	112.371
899	2	104.387	106.443	112.385
900	2	103.658	103.284	112.672
901	2	106.379	102.622	112.704
902	2	92.0514	101.647	112.736
903	2	105.309	93.3231	112.772
904	2	101.872	105.614	112.852
905	2	97.0418	101.804	113.042
906	2	99.9112	95.1271	113.092
907	2	94.4147	102.906	113.113
908	2	103.065	98.4016	113.453
909	2	94.0262	97.9002	113.48
910	2	96.5782	104.374	113.509
911	2	97.418	94.189	113.538
912	2	102.351	95.9297	113.632
913	2	96.4347	99.2414	113.632
914	2	98.8219	106.992	113.727
915	2	105.359	97.3236	113.736
916	2	99.395	104.473	113.743
917	2	101.617	101.796	113.79
918	2	95.3018	95.597	114.086
919	2	97.8934	96.7434	114.159
920	2	99.0183	99.3448	114.372
921	2	99.1457	101.942	114.474
922	2	101.966	104.086	114.821
923	2	101.467	99.5799	115.11


